# Re=40k
   0.00000000000000      -0.00000000000000       0.00000000000000       0.00000000000000    
  0.234999999520369E-03 -0.343496873974800E-01  0.399326336264494E-05  0.202501832973212E-04
  0.469999999040738E-03 -0.686307549476624E-01  0.165231558639789E-04  0.565740483580157E-04
  0.705000013113022E-03 -0.102803438901901      0.794279549154453E-04  0.258693995419890E-03
  0.939999998081475E-03 -0.136938214302063      0.159940929734148E-03  0.518766755703837E-03
  0.117499998304993E-02 -0.170718610286713      0.296863086987287E-03  0.787911878433079E-03
  0.141000002622604E-02 -0.203991010785103      0.514640763867646E-03  0.107006123289466E-02
  0.164499995298684E-02 -0.237263411283493      0.732418382540345E-03  0.135221041273326E-02
  0.187999999616295E-02 -0.269136250019073      0.105847581289709E-02  0.159577955491841E-02
  0.211500003933907E-02 -0.299576282501221      0.149538251571357E-02  0.179985305294394E-02
  0.234999996609986E-02 -0.330016314983368      0.193228910211474E-02  0.200392655096948E-02
  0.258499989286065E-02 -0.359292984008789      0.238816789351404E-02  0.223150593228638E-02
  0.282000005245209E-02 -0.384110629558563      0.291676702909172E-02  0.254918448626995E-02
  0.305499997921288E-02 -0.408928275108337      0.344536593183875E-02  0.286686234176159E-02
  0.328999990597367E-02 -0.433745890855789      0.397396460175514E-02  0.318454043008387E-02
  0.352500006556511E-02 -0.454074025154114      0.442407000809908E-02  0.351448892615735E-02
  0.375999999232590E-02 -0.473230898380279      0.485369656234980E-02  0.384763814508915E-02
  0.399499991908669E-02 -0.492387741804123      0.528332311660051E-02  0.418078759685159E-02
  0.423000007867813E-02 -0.509637653827667      0.565786985680461E-02  0.451678130775690E-02
  0.446499977260828E-02 -0.525024652481079      0.597861222922802E-02  0.485555361956358E-02
  0.469999993219972E-02 -0.540411770343781      0.629935553297400E-02  0.519432593137026E-02
  0.493500009179115E-02 -0.554370701313019      0.657572969794273E-02  0.554027082398534E-02
  0.516999978572130E-02 -0.567333281040192      0.682114949449897E-02  0.589121878147125E-02
  0.540499994531274E-02 -0.579930961132050      0.705542741343379E-02  0.624467059969902E-02
  0.564000010490417E-02 -0.591484665870667      0.725782802328467E-02  0.660528428852558E-02
  0.587499979883432E-02 -0.602543771266937      0.744528602808714E-02  0.696935644373298E-02
  0.610999995842576E-02 -0.612803995609283      0.760903861373663E-02  0.733919721096754E-02
  0.634500011801720E-02 -0.622656941413879      0.776090053841472E-02  0.771190878003836E-02
  0.657999981194735E-02 -0.631848871707916      0.789392832666636E-02  0.808921549469233E-02
  0.681499997153878E-02 -0.640809893608093      0.802037306129932E-02  0.846812967211008E-02
  0.705000013113022E-02 -0.649363398551941      0.813564844429493E-02  0.884987320750952E-02
  0.728499982506037E-02 -0.657332956790924      0.823491532355547E-02  0.923566892743111E-02
  0.751999998465180E-02 -0.665302574634552      0.833418220281601E-02  0.962146557867527E-02
  0.775500014424324E-02 -0.672808349132538      0.842139311134815E-02  0.100105451419949E-01
  0.798999983817339E-02 -0.679839313030243      0.849626399576664E-02  0.104029830545187E-01
  0.822500046342611E-02 -0.686870336532593      0.857113488018513E-02  0.107954237610102E-01
  0.846000015735626E-02 -0.693734586238861      0.864194706082344E-02  0.111890742555261E-01
  0.869499985128641E-02 -0.699959635734558      0.869720894843340E-02  0.115873711183667E-01
  0.892999954521656E-02 -0.706184744834900      0.875246990472078E-02  0.119856679812074E-01
  0.916500017046928E-02 -0.712409853935242      0.880773179233074E-02  0.123839667066932E-01
  0.939999986439943E-02 -0.718120634555817      0.885136146098375E-02  0.127860661596060E-01
  0.963499955832958E-02 -0.723697245121002      0.889195688068867E-02  0.131891584023833E-01
  0.987000018358231E-02 -0.729273855686188      0.893255323171616E-02  0.135922515764832E-01
  0.101049998775124E-01 -0.734599769115448      0.896787270903587E-02  0.139972036704421E-01
  0.103399995714426E-01 -0.739680826663971      0.899804010987282E-02  0.144039709120989E-01
  0.105750001966953E-01 -0.744761884212494      0.902820657938719E-02  0.148107400164008E-01
  0.108099998906255E-01 -0.749632179737091      0.905420817434788E-02  0.152190644294023E-01
  0.110449995845556E-01 -0.754355430603027      0.907730497419834E-02  0.156284738332033E-01
  0.112800002098083E-01 -0.759017467498779      0.909925159066916E-02  0.160383321344852E-01
  0.115149999037385E-01 -0.763504505157471      0.911790691316128E-02  0.164494737982750E-01
  0.117499995976686E-01 -0.767904281616211      0.913497433066368E-02  0.168612524867058E-01
  0.119850002229214E-01 -0.772173106670380      0.914969388395548E-02  0.172739811241627E-01
  0.122199999168515E-01 -0.776278257369995      0.916157942265272E-02  0.176878888159990E-01
  0.124549996107817E-01 -0.780377805233002      0.917336810380220E-02  0.181018374860287E-01
  0.126900002360344E-01 -0.784316182136536      0.918248482048512E-02  0.185169354081154E-01
  0.129249999299645E-01 -0.788152039051056      0.918990373611450E-02  0.189327597618103E-01
  0.131599996238947E-01 -0.791987955570221      0.919732265174389E-02  0.193485859781504E-01
  0.133950002491474E-01 -0.795788109302521      0.920418556779623E-02  0.197646599262953E-01
  0.136299999430776E-01 -0.799316942691803      0.920682959258556E-02  0.201826170086861E-01
  0.138649996370077E-01 -0.802845776081085      0.920947361737490E-02  0.206005740910769E-01
  0.141000002622604E-01 -0.806374669075012      0.921211857348680E-02  0.210185330361128E-01
  0.143349999561906E-01 -0.809903502464294      0.921476259827614E-02  0.214364901185036E-01
  0.145699996501207E-01 -0.813205003738403      0.921413488686085E-02  0.218559801578522E-01
  0.148050002753735E-01 -0.816427171230316      0.921236444264650E-02  0.222760066390038E-01
  0.150399999693036E-01 -0.819649338722229      0.921059399843216E-02  0.226960331201553E-01
  0.152749996632338E-01 -0.822871506214142      0.920882355421782E-02  0.231160577386618E-01
  0.155100002884865E-01 -0.826093673706055      0.920705311000347E-02  0.235360860824585E-01
  0.157450009137392E-01 -0.829090714454651      0.920230150222778E-02  0.239576864987612E-01
  0.159799996763468E-01 -0.832035064697266      0.919685326516628E-02  0.243796538561583E-01
  0.162150003015995E-01 -0.834979414939880      0.919140409678221E-02  0.248016230762005E-01
  0.164500009268522E-01 -0.837923765182495      0.918595585972071E-02  0.252235941588879E-01
  0.166849996894598E-01 -0.840868115425110      0.918050762265921E-02  0.256455596536398E-01
  0.169200003147125E-01 -0.843650639057159      0.917308870702982E-02  0.260687489062548E-01
  0.171549990773201E-01 -0.846360325813293      0.916478410363197E-02  0.264924820512533E-01
  0.173899997025728E-01 -0.849070012569427      0.915647950023413E-02  0.269162189215422E-01
  0.176250003278255E-01 -0.851779699325562      0.914817396551371E-02  0.273399557918310E-01
  0.178599990904331E-01 -0.854489326477051      0.913986936211586E-02  0.277636889368296E-01
  0.180949997156858E-01 -0.857057213783264      0.912996940314770E-02  0.281885918229818E-01
  0.183300003409386E-01 -0.859580039978027      0.911956187337637E-02  0.286138653755188E-01
  0.185649991035461E-01 -0.862102806568146      0.910915434360504E-02  0.290391352027655E-01
  0.187999997287989E-01 -0.864625573158264      0.909874681383371E-02  0.294644068926573E-01
  0.190350003540516E-01 -0.867094874382019      0.908777676522732E-02  0.298901647329330E-01
  0.192699991166592E-01 -0.869478225708008      0.907590333372355E-02  0.303166974335909E-01
  0.195049997419119E-01 -0.871861517429352      0.906402990221977E-02  0.307432319968939E-01
  0.197400003671646E-01 -0.874244868755341      0.905215647071600E-02  0.311697684228420E-01
  0.199749991297722E-01 -0.876544415950775      0.903944857418537E-02  0.315971225500107E-01
  0.202099997550249E-01 -0.878833472728729      0.902663636952639E-02  0.320245847105980E-01
  0.204450003802776E-01 -0.881095111370087      0.901356060057878E-02  0.324523337185383E-01
  0.206799991428852E-01 -0.883317708969116      0.900011230260134E-02  0.328804925084114E-01
  0.209149997681379E-01 -0.885502934455872      0.898631848394871E-02  0.333090722560883E-01
  0.211500003933907E-01 -0.887662827968597      0.897229183465242E-02  0.337379351258278E-01
  0.213849991559982E-01 -0.889814019203186      0.895818695425987E-02  0.341668985784054E-01
  0.216199997812510E-01 -0.891896188259125      0.894346926361322E-02  0.345967039465904E-01
  0.218550004065037E-01 -0.893978357315063      0.892875064164400E-02  0.350265055894852E-01
  0.220899991691112E-01 -0.896060526371002      0.891403295099735E-02  0.354563072323799E-01
  0.223249997943640E-01 -0.898083209991455      0.889881327748299E-02  0.358869023621082E-01
  0.225600004196167E-01 -0.900068938732147      0.888328067958355E-02  0.363179892301559E-01
  0.227949991822243E-01 -0.902054667472839      0.886774901300669E-02  0.367490760982037E-01
  0.230299998074770E-01 -0.904040455818176      0.885221734642982E-02  0.371801629662514E-01
  0.232650004327297E-01 -0.906001210212708      0.883648730814457E-02  0.376116298139095E-01
  0.234999991953373E-01 -0.907883465290070      0.882013514637947E-02  0.380442813038826E-01
  0.237349998205900E-01 -0.909765720367432      0.880378298461437E-02  0.384769365191460E-01
  0.239700004458427E-01 -0.911648035049438      0.878743082284927E-02  0.389095917344093E-01
  0.242049992084503E-01 -0.913530290126801      0.877107866108418E-02  0.393422432243824E-01
  0.244399998337030E-01 -0.915381312370300      0.875449553132057E-02  0.397754460573196E-01
  0.246750004589558E-01 -0.917162835597992      0.873740017414093E-02  0.402098670601845E-01
  0.249099992215633E-01 -0.918944418430328      0.872030481696129E-02  0.406442843377590E-01
  0.251449998468161E-01 -0.920726001262665      0.870321039110422E-02  0.410787053406239E-01
  0.253800004720688E-01 -0.922507584095001      0.868611503392458E-02  0.415131300687790E-01
  0.256149992346764E-01 -0.924271881580353      0.866890233010054E-02  0.419478975236416E-01
  0.258499998599291E-01 -0.925962507724762      0.865118484944105E-02  0.423841774463654E-01
  0.260850004851818E-01 -0.927653193473816      0.863346830010414E-02  0.428204536437988E-01
  0.263199992477894E-01 -0.929343819618225      0.861575175076723E-02  0.432567261159420E-01
  0.265549998730421E-01 -0.931034505367279      0.859803427010775E-02  0.436930060386658E-01
  0.267900004982948E-01 -0.932705342769623      0.858019199222326E-02  0.441297516226768E-01
  0.270249992609024E-01 -0.934319436550140      0.856198742985725E-02  0.445678420364857E-01
  0.272599998861551E-01 -0.935933470726013      0.854378379881382E-02  0.450059324502945E-01
  0.274950005114078E-01 -0.937547564506531      0.852558016777039E-02  0.454440265893936E-01
  0.277299992740154E-01 -0.939161598682404      0.850737653672695E-02  0.458821132779121E-01
  0.279649998992682E-01 -0.940722823143005      0.848885811865330E-02  0.463216267526150E-01
  0.282000005245209E-01 -0.942277014255524      0.847029872238636E-02  0.467613264918327E-01
  0.284349992871284E-01 -0.943831205368042      0.845174025744200E-02  0.472010262310505E-01
  0.286699999123812E-01 -0.945369184017181      0.843308959156275E-02  0.476412102580070E-01
  0.289050005376339E-01 -0.946881592273712      0.841429457068443E-02  0.480821579694748E-01
  0.291399993002415E-01 -0.948393166065216      0.839549675583839E-02  0.485231243073940E-01
  0.293749999254942E-01 -0.949882209300995      0.837657600641251E-02  0.489648133516312E-01
  0.296100005507469E-01 -0.951352953910828      0.835755933076143E-02  0.494071170687675E-01
  0.298449993133545E-01 -0.952813506126404      0.833849143236876E-02  0.498497784137726E-01
  0.300799999386072E-01 -0.954247891902924      0.831929035484791E-02  0.502933785319328E-01
  0.303150005638599E-01 -0.955682277679443      0.830008927732706E-02  0.507369786500931E-01
  0.305499993264675E-01 -0.957116663455963      0.828088819980621E-02  0.511805750429630E-01
  0.307849999517202E-01 -0.958530306816101      0.826158840209246E-02  0.516250021755695E-01
  0.310200005769730E-01 -0.959905743598938      0.824210792779922E-02  0.520709455013275E-01
  0.312549993395805E-01 -0.961281120777130      0.822262838482857E-02  0.525168851017952E-01
  0.314900018274784E-01 -0.962656557559967      0.820314697921276E-02  0.529628284275532E-01
  0.317250005900860E-01 -0.964031994342804      0.818366743624210E-02  0.534087680280209E-01
  0.319599993526936E-01 -0.965407431125641      0.816418696194887E-02  0.538547076284885E-01
  0.321950018405914E-01 -0.966744542121887      0.814454257488251E-02  0.543024353682995E-01
  0.324300006031990E-01 -0.968047320842743      0.812475290149450E-02  0.547517463564873E-01
  0.326649993658066E-01 -0.969350099563599      0.810496322810650E-02  0.552010573446751E-01
  0.329000018537045E-01 -0.970652878284454      0.808517262339592E-02  0.556503757834435E-01
  0.331350006163120E-01 -0.971955657005310      0.806538295000792E-02  0.560996867716312E-01
  0.333699993789196E-01 -0.973258435726166      0.804559327661991E-02  0.565490014851093E-01
  0.336049981415272E-01 -0.974561214447021      0.802580360323191E-02  0.569983124732971E-01
  0.338400006294250E-01 -0.975845754146576      0.800594594329596E-02  0.574486516416073E-01
  0.340749993920326E-01 -0.977071166038513      0.798587128520012E-02  0.579023025929928E-01
  0.343099981546402E-01 -0.978296577930450      0.796579569578171E-02  0.583559498190880E-01
  0.345450006425381E-01 -0.979521989822388      0.794572103768587E-02  0.588096044957638E-01
  0.347799994051457E-01 -0.980747342109680      0.792564544826746E-02  0.592632554471493E-01
  0.350149981677532E-01 -0.981972754001617      0.790557079017162E-02  0.597169026732445E-01
  0.352500006556511E-01 -0.983198165893555      0.788549520075321E-02  0.601705573499203E-01
  0.354849994182587E-01 -0.984423577785492      0.786542054265738E-02  0.606242083013058E-01
  0.357199981808662E-01 -0.985647678375244      0.784534122794867E-02  0.610779449343681E-01
  0.359550006687641E-01 -0.986798226833344      0.782503932714462E-02  0.615367330610752E-01
  0.361899994313717E-01 -0.987948715686798      0.780473696067929E-02  0.619955100119114E-01
  0.364249981939793E-01 -0.989099264144897      0.778443459421396E-02  0.624542906880379E-01
  0.366600006818771E-01 -0.990249812602997      0.776413222774863E-02  0.629130750894547E-01
  0.368949994444847E-01 -0.991400361061096      0.774383032694459E-02  0.633718594908714E-01
  0.371299982070923E-01 -0.992550909519196      0.772352796047926E-02  0.638306364417076E-01
  0.373650006949902E-01 -0.993701457977295      0.770322559401393E-02  0.642894208431244E-01
  0.375999994575977E-01 -0.994852006435394      0.768292369320989E-02  0.647482052445412E-01
  0.378349982202053E-01 -0.995970070362091      0.766254449263215E-02  0.652097016572952E-01
  0.380700007081032E-01 -0.997053384780884      0.764208333566785E-02  0.656741112470627E-01
  0.383049994707107E-01 -0.998136699199677      0.762162217870355E-02  0.661385133862495E-01
  0.385399982333183E-01 -0.999220013618469      0.760116102173924E-02  0.666029155254364E-01
  0.387750007212162E-01  -1.00030326843262      0.758069939911366E-02  0.670673251152039E-01
  0.390099994838238E-01  -1.00138664245605      0.756023824214935E-02  0.675317347049713E-01
  0.392449982464314E-01  -1.00246989727020      0.753977755084634E-02  0.679961368441582E-01
  0.394800007343292E-01  -1.00355327129364      0.751931592822075E-02  0.684605464339256E-01
  0.397149994969368E-01  -1.00462162494659      0.749882915988564E-02  0.689264535903931E-01
  0.399499982595444E-01  -1.00564837455749      0.747827161103487E-02  0.693965181708336E-01
  0.401850007474423E-01  -1.00667524337769      0.745771359652281E-02  0.698665976524353E-01
  0.404199995100498E-01  -1.00770199298859      0.743715604767203E-02  0.703366696834564E-01
  0.406549982726574E-01  -1.00872886180878      0.741659849882126E-02  0.708067417144775E-01
  0.408900007605553E-01  -1.00975561141968      0.739604048430920E-02  0.712768211960793E-01
  0.411249995231628E-01  -1.01078248023987      0.737548293545842E-02  0.717468932271004E-01
  0.413599982857704E-01  -1.01180922985077      0.735492492094636E-02  0.722169652581215E-01
  0.415950007736683E-01  -1.01279318332672      0.733431940898299E-02  0.726920515298843E-01
  0.418299995362759E-01  -1.01377594470978      0.731371250003576E-02  0.731672719120979E-01
  0.420649982988834E-01  -1.01475870609283      0.729310605674982E-02  0.736424997448921E-01
  0.423000007867813E-01  -1.01574146747589      0.727249914780259E-02  0.741177275776863E-01
  0.425349995493889E-01  -1.01672410964966      0.725189223885536E-02  0.745929479598999E-01
  0.427699983119965E-01  -1.01770234107971      0.723128300160170E-02  0.750687718391418E-01
  0.430050007998943E-01  -1.01865434646606      0.721065653488040E-02  0.755480453372002E-01
  0.432399995625019E-01  -1.01960623264313      0.719003053382039E-02  0.760273113846779E-01
  0.434749983251095E-01  -1.02055811882019      0.716940453276038E-02  0.765065848827362E-01
  0.437100008130073E-01  -1.02150630950928      0.714877713471651E-02  0.769864022731781E-01
  0.439449995756149E-01  -1.02244114875794      0.712814601138234E-02  0.774681046605110E-01
  0.441799983382225E-01  -1.02337086200714      0.710751488804817E-02  0.779505595564842E-01
  0.444150008261204E-01  -1.02429544925690      0.708688329905272E-02  0.784337818622589E-01
  0.446499995887280E-01  -1.02520740032196      0.706625357270241E-02  0.789189860224724E-01
  0.448849983513355E-01  -1.02611565589905      0.704562431201339E-02  0.794047489762306E-01
  0.451200008392334E-01  -1.02702403068543      0.702499458566308E-02  0.798905193805695E-01
  0.453549996018410E-01  -1.02793228626251      0.700436532497406E-02  0.803762823343277E-01
  0.455899983644485E-01  -1.02881741523743      0.698374817147851E-02  0.808659195899963E-01
  0.458250008523464E-01  -1.02969861030579      0.696313194930553E-02  0.813562422990799E-01
  0.460599996149540E-01  -1.03057968616486      0.694251665845513E-02  0.818465575575829E-01
  0.462949983775616E-01  -1.03146088123322      0.692190136760473E-02  0.823368653655052E-01
  0.465300008654594E-01  -1.03234207630157      0.690128514543176E-02  0.828271880745888E-01
  0.467649996280670E-01  -1.03322219848633      0.688067078590393E-02  0.833176746964455E-01
  0.469999983906746E-01  -1.03406882286072      0.686009135097265E-02  0.838144198060036E-01
  0.472350008785725E-01  -1.03491532802582      0.683951145038009E-02  0.843111723661423E-01
  0.474699996411800E-01  -1.03576183319092      0.681893201544881E-02  0.848079249262810E-01
  0.477049984037876E-01  -1.03660845756531      0.679835211485624E-02  0.853046700358391E-01
  0.479400008916855E-01  -1.03745496273041      0.677777221426368E-02  0.858014225959778E-01
  0.481749996542931E-01  -1.03830146789551      0.675719277933240E-02  0.862981677055359E-01
  0.484099984169006E-01  -1.03914797306061      0.673661334440112E-02  0.867949128150940E-01
  0.486450009047985E-01  -1.03996634483337      0.671608280390501E-02  0.872976034879684E-01
  0.488799996674061E-01  -1.04077434539795      0.669556995853782E-02  0.878024250268936E-01
  0.491149984300137E-01  -1.04158246517181      0.667505757883191E-02  0.883072540163994E-01
  0.493500009179115E-01  -1.04239058494568      0.665454473346472E-02  0.888120830059052E-01
  0.495849996805191E-01  -1.04319870471954      0.663403235375881E-02  0.893169045448303E-01
  0.498199984431267E-01  -1.04400670528412      0.661351950839162E-02  0.898217260837555E-01
  0.500550009310246E-01  -1.04481482505798      0.659300666302443E-02  0.903265550732613E-01
  0.502899996936321E-01  -1.04562294483185      0.657249428331852E-02  0.908313840627670E-01
  0.505249984562397E-01  -1.04641091823578      0.655203359201550E-02  0.913410186767578E-01
  0.507600009441376E-01  -1.04718017578125      0.653162132948637E-02  0.918551459908485E-01
  0.509949997067451E-01  -1.04794943332672      0.651120906695724E-02  0.923692733049393E-01
  0.512299984693527E-01  -1.04871881008148      0.649079727008939E-02  0.928834006190300E-01
  0.514650009572506E-01  -1.04948806762695      0.647038500756025E-02  0.933975279331207E-01
  0.516999997198582E-01  -1.05025732517242      0.644997274503112E-02  0.939116552472115E-01
  0.519349984824657E-01  -1.05102658271790      0.642956048250198E-02  0.944257751107216E-01
  0.521700009703636E-01  -1.05179584026337      0.640914821997285E-02  0.949399098753929E-01
  0.524049997329712E-01  -1.05256509780884      0.638873595744371E-02  0.954540371894836E-01
  0.526399984955788E-01  -1.05329871177673      0.636844988912344E-02  0.959778949618340E-01
  0.528750009834766E-01  -1.05403161048889      0.634816521778703E-02  0.965019315481186E-01
  0.531099997460842E-01  -1.05476462841034      0.632788101211190E-02  0.970259606838226E-01
  0.533449985086918E-01  -1.05549752712250      0.630759680643678E-02  0.975499823689461E-01
  0.535800009965897E-01  -1.05623042583466      0.628731213510036E-02  0.980740189552307E-01
  0.538149997591972E-01  -1.05696332454681      0.626702792942524E-02  0.985980480909348E-01
  0.540499985218048E-01  -1.05769634246826      0.624674372375011E-02  0.991220772266388E-01
  0.542850010097027E-01  -1.05842924118042      0.622645951807499E-02  0.996461138129234E-01
  0.545199997723103E-01  -1.05913794040680      0.620628381147981E-02  0.100177563726902    
  0.547549985349178E-01  -1.05983912944794      0.618614163249731E-02  0.100711293518543    
  0.549900010228157E-01  -1.06054043769836      0.616599898785353E-02  0.101245030760765    
  0.552249997854233E-01  -1.06124162673950      0.614585680887103E-02  0.101778760552406    
  0.554599985480309E-01  -1.06194293498993      0.612571462988854E-02  0.102312490344048    
  0.556950010359287E-01  -1.06264412403107      0.610557198524475E-02  0.102846227586269    
  0.559299997985363E-01  -1.06334543228149      0.608542980626225E-02  0.103379957377911    
  0.561649985611439E-01  -1.06403458118439      0.606535235419869E-02  0.103917747735977    
  0.564000010490417E-01  -1.06471025943756      0.604534707963467E-02  0.104460082948208    
  0.566349998116493E-01  -1.06538593769074      0.602534227073193E-02  0.105002410709858    
  0.568699985742569E-01  -1.06606173515320      0.600533746182918E-02  0.105544738471508    
  0.571050010621548E-01  -1.06673741340637      0.598533265292645E-02  0.106087066233158    
  0.573399998247623E-01  -1.06741309165955      0.596532737836242E-02  0.106629393994808    
  0.575749985873699E-01  -1.06807696819305      0.594539567828178E-02  0.107176005840301    
  0.578100010752678E-01  -1.06873452663422      0.592550309374928E-02  0.107724949717522    
  0.580449998378754E-01  -1.06939196586609      0.590561050921679E-02  0.108273893594742    
  0.582799986004829E-01  -1.07004940509796      0.588571839034557E-02  0.108822830021381    
  0.585150010883808E-01  -1.07069945335388      0.586587516590953E-02  0.109374612569809    
  0.587499998509884E-01  -1.07134652137756      0.584605149924755E-02  0.109927468001842    
  0.589849986135960E-01  -1.07198441028595      0.582629395648837E-02  0.110483966767788    
  0.592200011014938E-01  -1.07262229919434      0.580653641372919E-02  0.111040480434895    
  0.594549998641014E-01  -1.07326006889343      0.578677887097001E-02  0.111596979200840    
  0.596899986267090E-01  -1.07388699054718      0.576710654422641E-02  0.112158015370369    
  0.599250011146069E-01  -1.07450509071350      0.574750220403075E-02  0.112722672522068    
  0.601599998772144E-01  -1.07512319087982      0.572789786383510E-02  0.113287329673767    
  0.603949986398220E-01  -1.07574129104614      0.570829352363944E-02  0.113851979374886    
  0.606300011277199E-01  -1.07635939121246      0.568868918344378E-02  0.114416636526585    
  0.608649998903274E-01  -1.07697749137878      0.566908484324813E-02  0.114981286227703    
  0.610999986529350E-01  -1.07759559154510      0.564948096871376E-02  0.115545935928822    
  0.613350011408329E-01  -1.07821369171143      0.562987616285682E-02  0.116110600531101    
  0.615699999034405E-01  -1.07880878448486      0.561047811061144E-02  0.116685524582863    
  0.618049986660480E-01  -1.07939422130585      0.559116574004292E-02  0.117264755070210    
  0.620400011539459E-01  -1.07997965812683      0.557185336947441E-02  0.117844000458717    
  0.622749999165535E-01  -1.08056509494781      0.555254146456718E-02  0.118423230946064    
  0.625099986791611E-01  -1.08115053176880      0.553322909399867E-02  0.119002461433411    
  0.627449974417686E-01  -1.08173596858978      0.551391718909144E-02  0.119581691920757    
  0.629800036549568E-01  -1.08232152462006      0.549460435286164E-02  0.120160937309265    
  0.632150024175644E-01  -1.08290696144104      0.547529244795442E-02  0.120740175247192    
  0.634500011801720E-01  -1.08349239826202      0.545598007738590E-02  0.121319405734539    
  0.636849999427795E-01  -1.08407783508301      0.543666817247868E-02  0.121898636221886    
  0.639199987053871E-01  -1.08466327190399      0.541735626757145E-02  0.122477866709232    
  0.641549974679947E-01  -1.08524644374847      0.539806857705116E-02  0.123058214783669    
  0.643900036811829E-01  -1.08579039573669      0.537920510396361E-02  0.123657919466496    
  0.646250024437904E-01  -1.08633446693420      0.536034163087606E-02  0.124257609248161    
  0.648600012063980E-01  -1.08687841892242      0.534147862344980E-02  0.124857299029827    
  0.650949999690056E-01  -1.08742237091064      0.532261561602354E-02  0.125456988811493    
  0.653299987316132E-01  -1.08796644210815      0.530375260859728E-02  0.126056671142578    
  0.655649974942207E-01  -1.08851039409637      0.528488960117102E-02  0.126656368374824    
  0.658000037074089E-01  -1.08905434608459      0.526602566242218E-02  0.127256065607071    
  0.660350024700165E-01  -1.08959841728210      0.524716265499592E-02  0.127855762839317    
  0.662700012326241E-01  -1.09014236927032      0.522829964756966E-02  0.128455445170402    
  0.665049999952316E-01  -1.09068632125854      0.520943617448211E-02  0.129055127501488    
  0.667399987578392E-01  -1.09123039245605      0.519057316705585E-02  0.129654824733734    
  0.669749975204468E-01  -1.09177434444427      0.517171015962958E-02  0.130254507064819    
  0.672099962830544E-01  -1.09231829643249      0.515284715220332E-02  0.130854204297066    
  0.674450024962425E-01  -1.09286236763001      0.513398321345448E-02  0.131453901529312    
  0.676800012588501E-01  -1.09338474273682      0.511541031301022E-02  0.132065340876579    
  0.679150000214577E-01  -1.09388279914856      0.509716384112835E-02  0.132689967751503    
  0.681499987840652E-01  -1.09438073635101      0.507891736924648E-02  0.133314609527588    
  0.683849975466728E-01  -1.09487879276276      0.506067089736462E-02  0.133939251303673    
  0.686199963092804E-01  -1.09537684917450      0.504242442548275E-02  0.134563878178596    
  0.688550025224686E-01  -1.09587502479553      0.502417748793960E-02  0.135188549757004    
  0.690900012850761E-01  -1.09637308120727      0.500593101605773E-02  0.135813176631927    
  0.693250000476837E-01  -1.09687101840973      0.498768454417586E-02  0.136437818408012    
  0.695599988102913E-01  -1.09736907482147      0.496943807229400E-02  0.137062460184097    
  0.697949975728989E-01  -1.09786713123322      0.495119160041213E-02  0.137687087059021    
  0.700299963355064E-01  -1.09836518764496      0.493294512853026E-02  0.138311728835106    
  0.702650025486946E-01  -1.09886336326599      0.491469772532582E-02  0.138936385512352    
  0.705000013113022E-01  -1.09936130046845      0.489645125344396E-02  0.139561027288437    
  0.707350000739098E-01  -1.09985935688019      0.487820478156209E-02  0.140185669064522    
  0.709699988365173E-01  -1.10035741329193      0.485995830968022E-02  0.140810295939445    
  0.712049975991249E-01  -1.10085546970367      0.484171183779836E-02  0.141434937715530    
  0.714399963617325E-01  -1.10135197639465      0.482349190860987E-02  0.142060503363609    
  0.716750025749207E-01  -1.10180342197418      0.480602076277137E-02  0.142711997032165    
  0.719100013375282E-01  -1.10225486755371      0.478855054825544E-02  0.143363460898399    
  0.721450001001358E-01  -1.10270631313324      0.477107986807823E-02  0.144014939665794    
  0.723799988627434E-01  -1.10315775871277      0.475360918790102E-02  0.144666403532028    
  0.726149976253510E-01  -1.10360920429230      0.473613850772381E-02  0.145317867398262    
  0.728499963879585E-01  -1.10406064987183      0.471866829320788E-02  0.145969346165657    
  0.730850026011467E-01  -1.10451209545135      0.470119714736938E-02  0.146620839834213    
  0.733200013637543E-01  -1.10496366024017      0.468372646719217E-02  0.147272303700447    
  0.735550001263618E-01  -1.10541510581970      0.466625578701496E-02  0.147923767566681    
  0.737899988889694E-01  -1.10586655139923      0.464878510683775E-02  0.148575246334076    
  0.740249976515770E-01  -1.10631799697876      0.463131442666054E-02  0.149226710200310    
  0.742599964141846E-01  -1.10676944255829      0.461384421214461E-02  0.149878188967705    
  0.744950026273727E-01  -1.10722088813782      0.459637306630611E-02  0.150529667735100    
  0.747300013899803E-01  -1.10767233371735      0.457890238612890E-02  0.151181146502495    
  0.749650001525879E-01  -1.10812377929688      0.456143170595169E-02  0.151832610368729    
  0.751999989151955E-01  -1.10857522487640      0.454396102577448E-02  0.152484089136124    
  0.754349976778030E-01  -1.10902667045593      0.452649081125855E-02  0.153135553002358    
  0.756699964404106E-01  -1.10943543910980      0.450988579541445E-02  0.153811171650887    
  0.759050026535988E-01  -1.10984277725220      0.449331151321530E-02  0.154487684369087    
  0.761400014162064E-01  -1.11024999618530      0.447673769667745E-02  0.155164167284965    
  0.763750001788139E-01  -1.11065721511841      0.446016388013959E-02  0.155840650200844    
  0.766099989414215E-01  -1.11106455326080      0.444359006360173E-02  0.156517133116722    
  0.768449977040291E-01  -1.11147177219391      0.442701624706388E-02  0.157193616032600    
  0.770799964666367E-01  -1.11187911033630      0.441044243052602E-02  0.157870098948479    
  0.773150026798248E-01  -1.11228632926941      0.439386814832687E-02  0.158546596765518    
  0.775500014424324E-01  -1.11269354820252      0.437729433178902E-02  0.159223079681397    
  0.777850002050400E-01  -1.11310088634491      0.436072051525116E-02  0.159899562597275    
  0.780199989676476E-01  -1.11350810527801      0.434414669871330E-02  0.160576045513153    
  0.782549977302551E-01  -1.11391532421112      0.432757288217545E-02  0.161252528429031    
  0.784899964928627E-01  -1.11432266235352      0.431099906563759E-02  0.161929011344910    
  0.787250027060509E-01  -1.11472988128662      0.429442478343844E-02  0.162605524063110    
  0.789600014686584E-01  -1.11513721942902      0.427785096690059E-02  0.163282006978989    
  0.791950002312660E-01  -1.11554443836212      0.426127715036273E-02  0.163958489894867    
  0.794299989938736E-01  -1.11593091487884      0.424520298838615E-02  0.164645239710808    
  0.796649977564812E-01  -1.11629891395569      0.422957399860025E-02  0.165341109037399    
  0.798999965190887E-01  -1.11666691303253      0.421394454315305E-02  0.166036993265152    
  0.801350027322769E-01  -1.11703491210938      0.419831462204456E-02  0.166732892394066    
  0.803700014948845E-01  -1.11740291118622      0.418268563225865E-02  0.167428776621818    
  0.806050002574921E-01  -1.11777091026306      0.416705617681146E-02  0.168124660849571    
  0.808399990200996E-01  -1.11813879013062      0.415142672136426E-02  0.168820530176163    
  0.810749977827072E-01  -1.11850678920746      0.413579773157835E-02  0.169516414403915    
  0.813099965453148E-01  -1.11887478828430      0.412016827613115E-02  0.170212298631668    
  0.815450027585030E-01  -1.11924278736115      0.410453835502267E-02  0.170908197760582    
  0.817800015211105E-01  -1.11961078643799      0.408890936523676E-02  0.171604081988335    
  0.820150002837181E-01  -1.11997878551483      0.407327990978956E-02  0.172299951314926    
  0.822499990463257E-01  -1.12034678459168      0.405765045434237E-02  0.172995835542679    
  0.824849978089333E-01  -1.12071478366852      0.404202099889517E-02  0.173691719770431    
  0.827199965715408E-01  -1.12108278274536      0.402639200910926E-02  0.174387603998184    
  0.829550027847290E-01  -1.12142026424408      0.401160214096308E-02  0.175094470381737    
  0.831900015473366E-01  -1.12175595760346      0.399686163291335E-02  0.175801962614059    
  0.834250003099442E-01  -1.12209165096283      0.398212065920234E-02  0.176509454846382    
  0.836599990725517E-01  -1.12242734432221      0.396738015115261E-02  0.177216961979866    
  0.838949978351593E-01  -1.12276303768158      0.395263964310288E-02  0.177924454212189    
  0.841299965977669E-01  -1.12309873104096      0.393789866939187E-02  0.178631946444511    
  0.843650028109550E-01  -1.12343442440033      0.392315769568086E-02  0.179339453577995    
  0.846000015735626E-01  -1.12377023696899      0.390841718763113E-02  0.180046945810318    
  0.848350003361702E-01  -1.12410593032837      0.389367644675076E-02  0.180754438042641    
  0.850699990987778E-01  -1.12444162368774      0.387893570587039E-02  0.181461930274963    
  0.853049978613853E-01  -1.12477731704712      0.386419496499002E-02  0.182169422507286    
  0.855399966239929E-01  -1.12510609626770      0.384966563433409E-02  0.182878270745277    
  0.857750028371811E-01  -1.12541818618774      0.383564038202167E-02  0.183590337634087    
  0.860100015997887E-01  -1.12573027610779      0.382161559537053E-02  0.184302374720573    
  0.862450003623962E-01  -1.12604236602783      0.380759080871940E-02  0.185014426708221    
  0.864799991250038E-01  -1.12635457515717      0.379356602206826E-02  0.185726478695869    
  0.867149978876114E-01  -1.12666666507721      0.377954123541713E-02  0.186438515782356    
  0.869499966502190E-01  -1.12697875499725      0.376551644876599E-02  0.187150567770004    
  0.871850028634071E-01  -1.12729096412659      0.375149119645357E-02  0.187862634658814    
  0.874200016260147E-01  -1.12759709358215      0.373766012489796E-02  0.188574969768524    
  0.876550003886223E-01  -1.12789559364319      0.372407189570367E-02  0.189287677407265    
  0.878899991512299E-01  -1.12819421291351      0.371048343367875E-02  0.190000370144844    
  0.881249979138374E-01  -1.12849283218384      0.369689520448446E-02  0.190713062882423    
  0.883599966764450E-01  -1.12878322601318      0.368358194828033E-02  0.191425248980522    
  0.885950028896332E-01  -1.12907361984253      0.367026799358427E-02  0.192137449979782    
  0.888300016522408E-01  -1.12936401367188      0.365695473738015E-02  0.192849621176720    
  0.890650004148483E-01  -1.12964689731598      0.364389992319047E-02  0.193560406565666    
  0.892999991774559E-01  -1.12992393970490      0.363105162978172E-02  0.194270089268684    
  0.895349979400635E-01  -1.13020086288452      0.361820310354233E-02  0.194979771971703    
  0.897699967026711E-01  -1.13047790527344      0.360535481013358E-02  0.195689454674721    
  0.900050029158592E-01  -1.13075482845306      0.359250605106354E-02  0.196399167180061    
  0.902400016784668E-01  -1.13103187084198      0.357965752482414E-02  0.197108834981918    
  0.904750004410744E-01  -1.13130879402161      0.356680923141539E-02  0.197818517684936    
  0.907099992036819E-01  -1.13158571720123      0.355396093800664E-02  0.198528200387955    
  0.909449979662895E-01  -1.13184654712677      0.354170566424727E-02  0.199231266975403    
  0.911799967288971E-01  -1.13210046291351      0.352969858795404E-02  0.199931561946869    
  0.914150029420853E-01  -1.13235449790955      0.351769127883017E-02  0.200631886720657    
  0.916500017046928E-01  -1.13260841369629      0.350568443536758E-02  0.201332181692123    
  0.918850004673004E-01  -1.13286232948303      0.349367759190500E-02  0.202032476663590    
  0.921199992299080E-01  -1.13311636447906      0.348167051561177E-02  0.202732771635055    
  0.923549979925156E-01  -1.13337028026581      0.346966367214918E-02  0.203433066606522    
  0.925899967551231E-01  -1.13362419605255      0.345765682868659E-02  0.204133361577988    
  0.928250029683113E-01  -1.13387823104858      0.344564951956272E-02  0.204833671450615    
  0.930600017309189E-01  -1.13413214683533      0.343364244326949E-02  0.205533966422081    
  0.932950004935265E-01  -1.13438606262207      0.342163559980690E-02  0.206234261393547    
  0.935299992561340E-01  -1.13463830947876      0.340969488024712E-02  0.206933215260506    
  0.937649980187416E-01  -1.13486146926880      0.339889619499445E-02  0.207609102129936    
  0.939999967813492E-01  -1.13508462905884      0.338809750974178E-02  0.208284974098206    
  0.942350029945374E-01  -1.13530778884888      0.337729859165847E-02  0.208960860967636    
  0.944700017571449E-01  -1.13553094863892      0.336649990640581E-02  0.209636747837067    
  0.947050005197525E-01  -1.13575410842896      0.335570122115314E-02  0.210312619805336    
  0.949399992823601E-01  -1.13597726821899      0.334490253590047E-02  0.210988491773605    
  0.951749980449677E-01  -1.13620042800903      0.333410408347845E-02  0.211664363741875    
  0.954099968075752E-01  -1.13642358779907      0.332330539822578E-02  0.212340235710144    
  0.956450030207634E-01  -1.13664674758911      0.331250648014247E-02  0.213016137480736    
  0.958800017833710E-01  -1.13686990737915      0.330170779488981E-02  0.213692009449005    
  0.961150005459785E-01  -1.13709294795990      0.329090910963714E-02  0.214367881417275    
  0.963499993085861E-01  -1.13731610774994      0.328011042438448E-02  0.215043753385544    
  0.965849980711937E-01  -1.13753926753998      0.326931197196245E-02  0.215719625353813    
  0.968199968338013E-01  -1.13776242733002      0.325851328670979E-02  0.216395512223244    
  0.970550030469894E-01  -1.13796854019165      0.324843847192824E-02  0.217048108577728    
  0.972900018095970E-01  -1.13815534114838      0.323917856439948E-02  0.217674508690834    
  0.975250005722046E-01  -1.13834214210510      0.322991888970137E-02  0.218300908803940    
  0.977599993348122E-01  -1.13852906227112      0.322065898217261E-02  0.218927308917046    
  0.979949980974197E-01  -1.13871586322784      0.321139907464385E-02  0.219553709030151    
  0.982299968600273E-01  -1.13890266418457      0.320213916711509E-02  0.220180109143257    
  0.984650030732155E-01  -1.13908946514130      0.319287902675569E-02  0.220806524157524    
  0.987000018358231E-01  -1.13927638530731      0.318361911922693E-02  0.221432924270630    
  0.989350005984306E-01  -1.13946318626404      0.317435921169817E-02  0.222059324383736    
  0.991699993610382E-01  -1.13964998722076      0.316509930416942E-02  0.222685724496841    
  0.994049981236458E-01  -1.13983678817749      0.315583939664066E-02  0.223312124609947    
  0.996399968862534E-01  -1.14002370834351      0.314657948911190E-02  0.223938524723053    
  0.998750030994415E-01  -1.14021050930023      0.313731934875250E-02  0.224564939737320    
  0.100110001862049      -1.14039731025696      0.312805944122374E-02  0.225191339850426    
  0.100345000624657      -1.14058423042297      0.311879953369498E-02  0.225817739963531    
  0.100579999387264      -1.14077103137970      0.310953962616622E-02  0.226444140076637    
  0.100814998149872      -1.14095652103424      0.310034165158868E-02  0.227067708969116    
  0.101049996912479      -1.14110410213471      0.309286895208061E-02  0.227612122893333    
  0.101285003125668      -1.14125168323517      0.308539625257254E-02  0.228156566619873    
  0.101520001888275      -1.14139926433563      0.307792378589511E-02  0.228700995445251    
  0.101755000650883      -1.14154684543610      0.307045108638704E-02  0.229245409369469    
  0.101989999413490      -1.14169442653656      0.306297861970961E-02  0.229789838194847    
  0.102224998176098      -1.14184200763702      0.305550592020154E-02  0.230334252119064    
  0.102459996938705      -1.14198958873749      0.304803345352411E-02  0.230878680944443    
  0.102695003151894      -1.14213716983795      0.304056075401604E-02  0.231423124670982    
  0.102930001914501      -1.14228463172913      0.303308805450797E-02  0.231967538595200    
  0.103165000677109      -1.14243221282959      0.302561558783054E-02  0.232511967420578    
  0.103399999439716      -1.14257979393005      0.301814312115312E-02  0.233056396245956    
  0.103634998202324      -1.14272737503052      0.301067042164504E-02  0.233600810170174    
  0.103869996964932      -1.14287495613098      0.300319795496762E-02  0.234145238995552    
  0.104105003178120      -1.14302253723145      0.299572502262890E-02  0.234689682722092    
  0.104340001940727      -1.14317011833191      0.298825255595148E-02  0.235234096646309    
  0.104575000703335      -1.14331769943237      0.298078008927405E-02  0.235778525471687    
  0.104809999465942      -1.14346528053284      0.297330738976598E-02  0.236322939395905    
  0.105044998228550      -1.14357483386993      0.296767079271376E-02  0.236758247017860    
  0.105279996991158      -1.14368307590485      0.296210008673370E-02  0.237189635634422    
  0.105515003204346      -1.14379131793976      0.295652891509235E-02  0.237621054053307    
  0.105750001966953      -1.14389955997467      0.295095820911229E-02  0.238052442669868    
  0.105985000729561      -1.14400780200958      0.294538727030158E-02  0.238483831286430    
  0.106219999492168      -1.14411604404450      0.293981656432152E-02  0.238915234804153    
  0.106454998254776      -1.14422416687012      0.293424562551081E-02  0.239346623420715    
  0.106689997017384      -1.14433240890503      0.292867468670011E-02  0.239778012037277    
  0.106925003230572      -1.14444065093994      0.292310374788940E-02  0.240209430456161    
  0.107160001993179      -1.14454889297485      0.291753280907869E-02  0.240640819072723    
  0.107395000755787      -1.14465713500977      0.291196210309863E-02  0.241072222590446    
  0.107629999518394      -1.14476525783539      0.290639116428793E-02  0.241503611207008    
  0.107864998281002      -1.14487349987030      0.290082045830786E-02  0.241934999823570    
  0.108099997043610      -1.14498174190521      0.289524951949716E-02  0.242366403341293    
  0.108335003256798      -1.14508998394012      0.288967858068645E-02  0.242797806859016    
  0.108570002019405      -1.14519822597504      0.288410764187574E-02  0.243229195475578    
  0.108805000782013      -1.14528703689575      0.287951226346195E-02  0.243591636419296    
  0.109039999544621      -1.14535868167877      0.287578417919576E-02  0.243892744183540    
  0.109274998307228      -1.14543032646179      0.287205632776022E-02  0.244193851947784    
  0.109509997069836      -1.14550197124481      0.286832824349403E-02  0.244494959712029    
  0.109745003283024      -1.14557349681854      0.286460015922785E-02  0.244796082377434    
  0.109980002045631      -1.14564514160156      0.286087230779231E-02  0.245097190141678    
  0.110215000808239      -1.14571678638458      0.285714422352612E-02  0.245398297905922    
  0.110449999570847      -1.14578843116760      0.285341637209058E-02  0.245699405670166    
  0.110684998333454      -1.14586007595062      0.284968828782439E-02  0.246000513434410    
  0.110919997096062      -1.14593172073364      0.284596043638885E-02  0.246301621198654    
  0.111155003309250      -1.14600336551666      0.284223235212266E-02  0.246602728962898    
  0.111390002071857      -1.14607501029968      0.283850426785648E-02  0.246903836727142    
  0.111625000834465      -1.14614653587341      0.283477641642094E-02  0.247204959392548    
  0.111859999597073      -1.14621818065643      0.283104833215475E-02  0.247506067156792    
  0.112094998359680      -1.14628982543945      0.282732048071921E-02  0.247807174921036    
  0.112329997122288      -1.14633214473724      0.282510765828192E-02  0.247989743947983    
  0.112565003335476      -1.14637267589569      0.282298238016665E-02  0.248165443539619    
  0.112800002098083      -1.14641332626343      0.282085733488202E-02  0.248341158032417    
  0.113035000860691      -1.14645385742188      0.281873228959739E-02  0.248516857624054    
  0.113269999623299      -1.14649450778961      0.281660724431276E-02  0.248692557215691    
  0.113504998385906      -1.14653503894806      0.281448196619749E-02  0.248868271708488    
  0.113739997148514      -1.14657568931580      0.281235692091286E-02  0.249043971300125    
  0.113975003361702      -1.14661622047424      0.281023187562823E-02  0.249219685792923    
  0.114210002124309      -1.14665687084198      0.280810683034360E-02  0.249395385384560    
  0.114445000886917      -1.14669740200043      0.280598155222833E-02  0.249571084976196    
  0.114679999649525      -1.14673805236816      0.280385650694370E-02  0.249746799468994    
  0.114914998412132      -1.14677178859711      0.280208792537451E-02  0.249893248081207    
  0.115149997174740      -1.14678931236267      0.280117057263851E-02  0.249969825148582    
  0.115385003387928      -1.14680671691895      0.280025321990251E-02  0.250046402215958    
  0.115620002150536      -1.14682424068451      0.279933609999716E-02  0.250122964382172    
  0.115855000913143      -1.14684176445007      0.279841874726117E-02  0.250199526548386    
  0.116089999675751      -1.14685916900635      0.279750162735581E-02  0.250276088714600    
  0.116324998438358      -1.14687669277191      0.279658427461982E-02  0.250352680683136    
  0.116559997200966      -1.14689409732819      0.279566692188382E-02  0.250429242849350    
  0.116795003414154      -1.14690566062927      0.279506156221032E-02  0.250479787588120    
  0.117030002176762      -1.14690971374512      0.279484712518752E-02  0.250497728586197    
  0.117265000939369      -1.14691388607025      0.279463245533407E-02  0.250515669584274    
  0.117499999701977      -1.14691793918610      0.279441801831126E-02  0.250533610582352    
  0.117734998464584      -1.14691388607025      0.279463245533407E-02  0.250515669584274    
  0.117969997227192      -1.14690971374512      0.279484712518752E-02  0.250497728586197    
  0.118205003440380      -1.14690566062927      0.279506156221032E-02  0.250479787588120    
  0.118440002202988      -1.14689409732819      0.279566692188382E-02  0.250429242849350    
  0.118675000965595      -1.14687669277191      0.279658427461982E-02  0.250352680683136    
  0.118909999728203      -1.14685916900635      0.279750162735581E-02  0.250276088714600    
  0.119144998490810      -1.14684176445007      0.279841874726117E-02  0.250199526548386    
  0.119379997253418      -1.14682424068451      0.279933609999716E-02  0.250122964382172    
  0.119615003466606      -1.14680671691895      0.280025321990251E-02  0.250046402215958    
  0.119850002229214      -1.14678931236267      0.280117057263851E-02  0.249969825148582    
  0.120085000991821      -1.14677178859711      0.280208792537451E-02  0.249893248081207    
  0.120319999754429      -1.14673805236816      0.280385650694370E-02  0.249746799468994    
  0.120554998517036      -1.14669740200043      0.280598155222833E-02  0.249571084976196    
  0.120789997279644      -1.14665687084198      0.280810683034360E-02  0.249395385384560    
  0.121025003492832      -1.14661622047424      0.281023187562823E-02  0.249219670891762    
  0.121260002255440      -1.14657568931580      0.281235692091286E-02  0.249043971300125    
  0.121495001018047      -1.14653503894806      0.281448196619749E-02  0.248868271708488    
  0.121729999780655      -1.14649450778961      0.281660724431276E-02  0.248692557215691    
  0.121964998543262      -1.14645385742188      0.281873228959739E-02  0.248516857624054    
  0.122199997305870      -1.14641332626343      0.282085733488202E-02  0.248341158032417    
  0.122435003519058      -1.14637267589569      0.282298238016665E-02  0.248165443539619    
  0.122670002281666      -1.14633214473724      0.282510765828192E-02  0.247989743947983    
  0.122905001044273      -1.14628982543945      0.282732048071921E-02  0.247807174921036    
  0.123139999806881      -1.14621818065643      0.283104833215475E-02  0.247506067156792    
  0.123374998569488      -1.14614653587341      0.283477641642094E-02  0.247204959392548    
  0.123609997332096      -1.14607501029968      0.283850426785648E-02  0.246903851628304    
  0.123845003545284      -1.14600336551666      0.284223235212266E-02  0.246602728962898    
  0.124080002307892      -1.14593172073364      0.284596043638885E-02  0.246301621198654    
  0.124315001070499      -1.14586007595062      0.284968828782439E-02  0.246000513434410    
  0.124549999833107      -1.14578843116760      0.285341637209058E-02  0.245699405670166    
  0.124784998595715      -1.14571678638458      0.285714422352612E-02  0.245398297905922    
  0.125019997358322      -1.14564514160156      0.286087230779231E-02  0.245097190141678    
  0.125255003571510      -1.14557349681854      0.286460039205849E-02  0.244796067476273    
  0.125489994883537      -1.14550197124481      0.286832801066339E-02  0.244494974613190    
  0.125725001096725      -1.14543032646179      0.287205609492958E-02  0.244193851947784    
  0.125960007309914      -1.14535868167877      0.287578417919576E-02  0.243892744183540    
  0.126194998621941      -1.14528703689575      0.287951203063130E-02  0.243591636419296    
  0.126430004835129      -1.14519822597504      0.288410764187574E-02  0.243229195475578    
  0.126664996147156      -1.14508998394012      0.288967834785581E-02  0.242797821760178    
  0.126900002360344      -1.14498174190521      0.289524928666651E-02  0.242366403341293    
  0.127134993672371      -1.14487349987030      0.290081999264657E-02  0.241935029625893    
  0.127369999885559      -1.14476525783539      0.290639116428793E-02  0.241503626108170    
  0.127605006098747      -1.14465713500977      0.291196210309863E-02  0.241072207689285    
  0.127839997410774      -1.14454889297485      0.291753280907869E-02  0.240640833973885    
  0.128075003623962      -1.14444065093994      0.292310374788940E-02  0.240209415555000    
  0.128309994935989      -1.14433240890503      0.292867445386946E-02  0.239778041839600    
  0.128545001149178      -1.14422416687012      0.293424562551081E-02  0.239346638321876    
  0.128780007362366      -1.14411604404450      0.293981656432152E-02  0.238915219902992    
  0.129014998674393      -1.14400780200958      0.294538727030158E-02  0.238483846187592    
  0.129250004887581      -1.14389955997467      0.295095820911229E-02  0.238052427768707    
  0.129484996199608      -1.14379131793976      0.295652891509235E-02  0.237621054053307    
  0.129720002412796      -1.14368307590485      0.296210008673370E-02  0.237189635634422    
  0.129954993724823      -1.14357483386993      0.296767055988312E-02  0.236758261919022    
  0.130189999938011      -1.14346528053284      0.297330738976598E-02  0.236322939395905    
  0.130425006151199      -1.14331769943237      0.298078032210469E-02  0.235778510570526    
  0.130659997463226      -1.14317011833191      0.298825255595148E-02  0.235234096646309    
  0.130895003676414      -1.14302253723145      0.299572525545955E-02  0.234689652919769    
  0.131129994988441      -1.14287495613098      0.300319772213697E-02  0.234145253896713    
  0.131365001201630      -1.14272737503052      0.301067042164504E-02  0.233600810170174    
  0.131600007414818      -1.14257979393005      0.301814335398376E-02  0.233056366443634    
  0.131834998726845      -1.14243221282959      0.302561558783054E-02  0.232511967420578    
  0.132070004940033      -1.14228463172913      0.303308828733861E-02  0.231967523694038    
  0.132304996252060      -1.14213716983795      0.304056075401604E-02  0.231423124670982    
  0.132540002465248      -1.14198958873749      0.304803345352411E-02  0.230878680944443    
  0.132774993777275      -1.14184200763702      0.305550568737090E-02  0.230334281921387    
  0.133009999990463      -1.14169442653656      0.306297861970961E-02  0.229789838194847    
  0.133245006203651      -1.14154684543610      0.307045131921768E-02  0.229245394468307    
  0.133479997515678      -1.14139926433563      0.307792378589511E-02  0.228700995445251    
  0.133715003728867      -1.14125168323517      0.308539648540318E-02  0.228156551718712    
  0.133949995040894      -1.14110410213471      0.309286871924996E-02  0.227612137794495    
  0.134185001254082      -1.14095652103424      0.310034165158868E-02  0.227067708969116    
  0.134419992566109      -1.14077103137970      0.310953939333558E-02  0.226444154977798    
  0.134654998779297      -1.14058423042297      0.311879953369498E-02  0.225817739963531    
  0.134890004992485      -1.14039731025696      0.312805990688503E-02  0.225191324949264    
  0.135124996304512      -1.14021050930023      0.313731934875250E-02  0.224564939737320    
  0.135360002517700      -1.14002370834351      0.314657948911190E-02  0.223938524723053    
  0.135594993829727      -1.13983690738678      0.315583916381002E-02  0.223312139511108    
  0.135830000042915      -1.13964998722076      0.316509930416942E-02  0.222685724496841    
  0.136065006256103      -1.13946318626404      0.317435944452882E-02  0.222059309482574    
  0.136299997568130      -1.13927638530731      0.318361911922693E-02  0.221432924270630    
  0.136535003781319      -1.13908946514130      0.319287925958633E-02  0.220806509256363    
  0.136769995093346      -1.13890266418457      0.320213893428445E-02  0.220180124044418    
  0.137005001306534      -1.13871586322784      0.321139907464385E-02  0.219553709030151    
  0.137239992618561      -1.13852906227112      0.322065851651132E-02  0.218927323818207    
  0.137474998831749      -1.13834214210510      0.322991888970137E-02  0.218300908803940    
  0.137710005044937      -1.13815534114838      0.323917903006077E-02  0.217674493789673    
  0.137944996356964      -1.13796854019165      0.324843847192824E-02  0.217048108577728    
  0.138180002570152      -1.13776242733002      0.325851328670979E-02  0.216395512223244    
  0.138414993882179      -1.13753926753998      0.326931150630117E-02  0.215719655156136    
  0.138650000095367      -1.13731610774994      0.328011042438448E-02  0.215043753385544    
  0.138885006308556      -1.13709294795990      0.329090934246778E-02  0.214367866516113    
  0.139119997620583      -1.13686990737915      0.330170756205916E-02  0.213692009449005    
  0.139355003833771      -1.13664674758911      0.331250671297312E-02  0.213016122579575    
  0.139589995145798      -1.13642358779907      0.332330493256450E-02  0.212340265512466    
  0.139825001358986      -1.13620042800903      0.333410385064781E-02  0.211664378643036    
  0.140059992671013      -1.13597726821899      0.334490207023919E-02  0.210988521575928    
  0.140294998884201      -1.13575410842896      0.335570098832250E-02  0.210312634706497    
  0.140530005097389      -1.13553094863892      0.336649990640581E-02  0.209636732935906    
  0.140764996409416      -1.13530778884888      0.337729835882783E-02  0.208960890769958    
  0.141000002622604      -1.13508462905884      0.338809727691114E-02  0.208284988999367    
  0.141234993934631      -1.13486158847809      0.339889549650252E-02  0.207609131932259    
  0.141470000147819      -1.13463842868805      0.340969441458583E-02  0.206933245062828    
  0.141705006361008      -1.13438606262207      0.342163559980690E-02  0.206234261393547    
  0.141939997673035      -1.13413214683533      0.343364221043885E-02  0.205533981323242    
  0.142175003886223      -1.13387823104858      0.344564951956272E-02  0.204833671450615    
  0.142409995198250      -1.13362419605255      0.345765613019466E-02  0.204133391380310    
  0.142645001411438      -1.13337028026581      0.346966343931854E-02  0.203433081507683    
  0.142879992723465      -1.13311636447906      0.348167004995048E-02  0.202732801437378    
  0.143114998936653      -1.13286232948303      0.349367735907435E-02  0.202032476663590    
  0.143350005149841      -1.13260841369629      0.350568466819823E-02  0.201332166790962    
  0.143584996461868      -1.13235449790955      0.351769127883017E-02  0.200631886720657    
  0.143820002675057      -1.13210046291351      0.352969858795404E-02  0.199931561946869    
  0.144054993987083      -1.13184654712677      0.354170519858599E-02  0.199231296777725    
  0.144290000200272      -1.13158571720123      0.355396070517600E-02  0.198528200387955    
  0.144525006413460      -1.13130879402161      0.356680946424604E-02  0.197818502783775    
  0.144759997725487      -1.13103187084198      0.357965752482414E-02  0.197108849883080    
  0.144995003938675      -1.13075482845306      0.359250628389418E-02  0.196399152278900    
  0.145229995250702      -1.13047790527344      0.360535411164164E-02  0.195689484477043    
  0.145465001463890      -1.13020086288452      0.361820287071168E-02  0.194979786872864    
  0.145699992775917      -1.12992393970490      0.363105093128979E-02  0.194270133972168    
  0.145934998989105      -1.12964689731598      0.364389969035983E-02  0.193560436367989    
  0.146170005202293      -1.12936401367188      0.365695473738015E-02  0.192849621176720    
  0.146404996514320      -1.12907361984253      0.367026799358427E-02  0.192137449979782    
  0.146640002727508      -1.12878322601318      0.368358194828033E-02  0.191425234079361    
  0.146874994039535      -1.12849283218384      0.369689520448446E-02  0.190713062882423    
  0.147110000252724      -1.12819421291351      0.371048389934003E-02  0.190000355243683    
  0.147345006465912      -1.12789559364319      0.372407236136496E-02  0.189287632703781    
  0.147579997777939      -1.12759709358215      0.373766012489796E-02  0.188574969768524    
  0.147815003991127      -1.12729096412659      0.375149166211486E-02  0.187862619757652    
  0.148049995303154      -1.12697875499725      0.376551598310471E-02  0.187150597572327    
  0.148285001516342      -1.12666666507721      0.377954123541713E-02  0.186438515782356    
  0.148519992828369      -1.12635457515717      0.379356555640697E-02  0.185726493597031    
  0.148754999041557      -1.12604236602783      0.380759080871940E-02  0.185014426708221    
  0.148990005254746      -1.12573027610779      0.382161606103182E-02  0.184302359819412    
  0.149224996566772      -1.12541818618774      0.383564038202167E-02  0.183590337634087    
  0.149460002779961      -1.12510609626770      0.384966563433409E-02  0.182878270745277    
  0.149694994091988      -1.12477731704712      0.386419449932873E-02  0.182169452309608    
  0.149930000305176      -1.12444162368774      0.387893570587039E-02  0.181461930274963    
  0.150165006518364      -1.12410593032837      0.389367691241205E-02  0.180754423141479    
  0.150399997830391      -1.12377023696899      0.390841718763113E-02  0.180046945810318    
  0.150635004043579      -1.12343442440033      0.392315816134214E-02  0.179339438676834    
  0.150869995355606      -1.12309873104096      0.393789820373058E-02  0.178631961345673    
  0.151105001568794      -1.12276303768158      0.395263964310288E-02  0.177924454212189    
  0.151339992880821      -1.12242734432221      0.396737968549132E-02  0.177216976881027    
  0.151574999094009      -1.12209165096283      0.398212065920234E-02  0.176509454846382    
  0.151810005307198      -1.12175595760346      0.399686209857464E-02  0.175801947712898    
  0.152044996619224      -1.12142026424408      0.401160214096308E-02  0.175094470381737    
  0.152280002832413      -1.12108278274536      0.402639200910926E-02  0.174387603998184    
  0.152514994144440      -1.12071478366852      0.404202053323388E-02  0.173691734671593    
  0.152750000357628      -1.12034678459168      0.405765045434237E-02  0.172995835542679    
  0.152985006570816      -1.11997878551483      0.407328037545085E-02  0.172299936413765    
  0.153219997882843      -1.11961078643799      0.408890889957547E-02  0.171604081988335    
  0.153455004096031      -1.11924278736115      0.410453882068396E-02  0.170908182859421    
  0.153689995408058      -1.11887478828430      0.412016734480858E-02  0.170212328433991    
  0.153925001621246      -1.11850678920746      0.413579726591706E-02  0.169516429305077    
  0.154159992933273      -1.11813890933991      0.415142625570297E-02  0.168820574879646    
  0.154394999146461      -1.11777091026306      0.416705571115017E-02  0.168124675750732    
  0.154630005359650      -1.11740291118622      0.418268563225865E-02  0.167428776621818    
  0.154864996671677      -1.11703491210938      0.419831415638328E-02  0.166732907295227    
  0.155100002884865      -1.11666691303253      0.421394407749176E-02  0.166037008166313    
  0.155334994196892      -1.11629891395569      0.422957306727767E-02  0.165341153740883    
  0.155570000410080      -1.11593091487884      0.424520252272487E-02  0.164645254611969    
  0.155805006623268      -1.11554443836212      0.426127715036273E-02  0.163958489894867    
  0.156039997935295      -1.11513721942902      0.427785050123930E-02  0.163282021880150    
  0.156275004148483      -1.11472988128662      0.429442478343844E-02  0.162605509161949    
  0.156509995460510      -1.11432266235352      0.431099813431501E-02  0.161929056048393    
  0.156745001673698      -1.11391544342041      0.432757241651416E-02  0.161252543330193    
  0.156979992985725      -1.11350810527801      0.434414576739073E-02  0.160576090216637    
  0.157214999198914      -1.11310088634491      0.436072004958987E-02  0.159899577498436    
  0.157450005412102      -1.11269354820252      0.437729433178902E-02  0.159223064780235    
  0.157684996724129      -1.11228632926941      0.439386768266559E-02  0.158546611666679    
  0.157920002937317      -1.11187911033630      0.441044196486473E-02  0.157870098948479    
  0.158154994249344      -1.11147177219391      0.442701531574130E-02  0.157193645834923    
  0.158390000462532      -1.11106455326080      0.444359006360173E-02  0.156517133116722    
  0.158625006675720      -1.11065721511841      0.446016434580088E-02  0.155840635299683    
  0.158859997987747      -1.11024999618530      0.447673769667745E-02  0.155164167284965    
  0.159095004200935      -1.10984277725220      0.449331197887659E-02  0.154487654566765    
  0.159329995512962      -1.10943543910980      0.450988532975316E-02  0.153811201453209    
  0.159565001726151      -1.10902667045593      0.452649081125855E-02  0.153135553002358    
  0.159799993038177      -1.10857522487640      0.454396056011319E-02  0.152484104037285    
  0.160034999251366      -1.10812377929688      0.456143170595169E-02  0.151832610368729    
  0.160270005464554      -1.10767233371735      0.457890285179019E-02  0.151181116700172    
  0.160504996776581      -1.10722088813782      0.459637306630611E-02  0.150529667735100    
  0.160740002989769      -1.10676944255829      0.461384421214461E-02  0.149878188967705    
  0.160974994301796      -1.10631799697876      0.463131396099925E-02  0.149226740002632    
  0.161210000514984      -1.10586655139923      0.464878510683775E-02  0.148575246334076    
  0.161445006728172      -1.10541498661041      0.466625625267625E-02  0.147923752665520    
  0.161679998040199      -1.10496366024017      0.468372646719217E-02  0.147272303700447    
  0.161915004253388      -1.10451209545135      0.470119761303067E-02  0.146620810031891    
  0.162149995565414      -1.10406064987183      0.471866736188531E-02  0.145969361066818    
  0.162385001778603      -1.10360920429230      0.473613850772381E-02  0.145317867398262    
  0.162619993090630      -1.10315775871277      0.475360872223973E-02  0.144666418433189    
  0.162854999303818      -1.10270631313324      0.477107986807823E-02  0.144014939665794    
  0.163090005517006      -1.10225486755371      0.478855101391673E-02  0.143363445997238    
  0.163324996829033      -1.10180342197418      0.480602076277137E-02  0.142711997032165    
  0.163560003042221      -1.10135197639465      0.482349190860987E-02  0.142060503363609    
  0.163794994354248      -1.10085558891296      0.484171137213707E-02  0.141434952616692    
  0.164030000567436      -1.10035741329193      0.485995830968022E-02  0.140810295939445    
  0.164265006780624      -1.09985935688019      0.487820524722338E-02  0.140185639262199    
  0.164499998092651      -1.09936130046845      0.489645125344396E-02  0.139561027288437    
  0.164735004305840      -1.09886324405670      0.491469819098711E-02  0.138936370611191    
  0.164969995617866      -1.09836530685425      0.493294419720769E-02  0.138311743736267    
  0.165205001831055      -1.09786713123322      0.495119113475084E-02  0.137687087059021    
  0.165439993143082      -1.09736919403076      0.496943714097142E-02  0.137062475085259    
  0.165674999356270      -1.09687101840973      0.498768407851458E-02  0.136437818408012    
  0.165910005569458      -1.09637296199799      0.500593101605773E-02  0.135813161730766    
  0.166144996881485      -1.09587502479553      0.502417702227831E-02  0.135188549757004    
  0.166380003094673      -1.09537684917450      0.504242395982146E-02  0.134563878178596    
  0.166614994406700      -1.09487891197205      0.506066996604204E-02  0.133939266204834    
  0.166850000619888      -1.09438073635101      0.507891690358520E-02  0.133314609527588    
  0.167085006833077      -1.09388267993927      0.509716430678964E-02  0.132689952850342    
  0.167319998145104      -1.09338474273682      0.511541031301022E-02  0.132065340876579    
  0.167555004358292      -1.09286224842072      0.513398367911577E-02  0.131453886628151    
  0.167789995670319      -1.09231829643249      0.515284622088075E-02  0.130854219198227    
  0.168025001883507      -1.09177434444427      0.517171015962958E-02  0.130254507064819    
  0.168259993195534      -1.09123039245605      0.519057270139456E-02  0.129654839634895    
  0.168494999408722      -1.09068632125854      0.520943617448211E-02  0.129055127501488    
  0.168730005621910      -1.09014236927032      0.522830011323094E-02  0.128455415368080    
  0.168964996933937      -1.08959841728210      0.524716265499592E-02  0.127855747938156    
  0.169200003147125      -1.08905434608459      0.526602659374475E-02  0.127256035804749    
  0.169434994459152      -1.08851039409637      0.528488913550973E-02  0.126656368374824    
  0.169670000672340      -1.08796632289886      0.530375260859728E-02  0.126056656241417    
  0.169905006885529      -1.08742237091064      0.532261654734612E-02  0.125456959009171    
  0.170139998197555      -1.08687841892242      0.534147908911109E-02  0.124857284128666    
  0.170375004410744      -1.08633434772491      0.536034302785993E-02  0.124257571995258    
  0.170609995722771      -1.08579039573669      0.537920556962490E-02  0.123657904565334    
  0.170845001935959      -1.08524644374847      0.539806904271245E-02  0.123058199882507    
  0.171079993247986      -1.08466327190399      0.541735580191016E-02  0.122477866709232    
  0.171314999461174      -1.08407783508301      0.543666863813996E-02  0.121898621320725    
  0.171550005674362      -1.08349227905273      0.545598147436976E-02  0.121319375932217    
  0.171784996986389      -1.08290696144104      0.547529291361570E-02  0.120740160346031    
  0.172020003199577      -1.08232140541077      0.549460528418422E-02  0.120160914957523    
  0.172254994511604      -1.08173608779907      0.551391672343016E-02  0.119581706821919    
  0.172490000724793      -1.08115053176880      0.553322955965996E-02  0.119002461433411    
  0.172725006937981      -1.08056509494781      0.555254193022847E-02  0.118423208594322    
  0.172959998250008      -1.07997965812683      0.557185336947441E-02  0.117844000458717    
  0.173195004463196      -1.07939422130585      0.559116620570421E-02  0.117264755070210    
  0.173429995775223      -1.07880878448486      0.561047764495015E-02  0.116685546934605    
  0.173665001988411      -1.07821369171143      0.562987616285682E-02  0.116110600531101    
  0.173899993300438      -1.07759559154510      0.564948003739119E-02  0.115545965731144    
  0.174134999513626      -1.07697749137878      0.566908484324813E-02  0.114981301128864    
  0.174370005726814      -1.07635939121246      0.568868918344378E-02  0.114416629076004    
  0.174604997038841      -1.07574129104614      0.570829305797815E-02  0.113852001726627    
  0.174840003252029      -1.07512319087982      0.572789786383510E-02  0.113287329673767    
  0.175074994564056      -1.07450509071350      0.574750127270818E-02  0.112722702324390    
  0.175310000777245      -1.07388699054718      0.576710607856512E-02  0.112158030271530    
  0.175545006990433      -1.07326006889343      0.578677887097001E-02  0.111596979200840    
  0.175779998302460      -1.07262229919434      0.580653594806790E-02  0.111040487885475    
  0.176015004515648      -1.07198441028595      0.582629442214966E-02  0.110483959317207    
  0.176249995827675      -1.07134652137756      0.584605149924755E-02  0.109927468001842    
  0.176485002040863      -1.07069933414459      0.586587516590953E-02  0.109374605119228    
  0.176719993352890      -1.07004940509796      0.588571652770042E-02  0.108822859823704    
  0.176954999566078      -1.06939196586609      0.590561004355550E-02  0.108273901045322    
  0.177190005779266      -1.06873440742493      0.592550309374928E-02  0.107724934816361    
  0.177424997091293      -1.06807696819305      0.594539521262050E-02  0.107176005840301    
  0.177660003304482      -1.06741309165955      0.596532784402371E-02  0.106629379093647    
  0.177894994616509      -1.06673741340637      0.598533218726516E-02  0.106087066233158    
  0.178130000829697      -1.06606173515320      0.600533746182918E-02  0.105544723570347    
  0.178365007042885      -1.06538593769074      0.602534320205450E-02  0.105002380907536    
  0.178599998354912      -1.06471025943756      0.604534754529595E-02  0.104460075497627    
  0.178835004568100      -1.06403458118439      0.606535281985998E-02  0.103917732834816    
  0.179069995880127      -1.06334543228149      0.608542934060097E-02  0.103379949927330    
  0.179305002093315      -1.06264424324036      0.610557198524475E-02  0.102846205234528    
  0.179539993405342      -1.06194293498993      0.612571369856596E-02  0.102312497794628    
  0.179774999618530      -1.06124174594879      0.614585634320974E-02  0.101778753101826    
  0.180010005831718      -1.06054043769836      0.616599945351481E-02  0.101245008409023    
  0.180244997143745      -1.05983924865723      0.618614070117474E-02  0.100711300969124    
  0.180480003356934      -1.05913805961609      0.620628334581852E-02  0.100177556276321    
  0.180714994668961      -1.05842936038971      0.622645858675241E-02  0.996461212635040E-01
  0.180950000882149      -1.05769634246826      0.624674325808883E-02  0.991220772266388E-01
  0.181185007095337      -1.05696344375610      0.626702839508653E-02  0.985980331897736E-01
  0.181419998407364      -1.05623054504395      0.628731166943908E-02  0.980740264058113E-01
  0.181655004620552      -1.05549752712250      0.630759680643678E-02  0.975499823689461E-01
  0.181889995932579      -1.05476462841034      0.632788054645061E-02  0.970259681344032E-01
  0.182125002145767      -1.05403161048889      0.634816521778703E-02  0.965019240975380E-01
  0.182359993457794      -1.05329871177673      0.636844895780087E-02  0.959779098629951E-01
  0.182594999670982      -1.05256509780884      0.638873595744371E-02  0.954540297389030E-01
  0.182830005884171      -1.05179584026337      0.640914868563414E-02  0.949398949742317E-01
  0.183064997196198      -1.05102658271790      0.642956001684070E-02  0.944257900118828E-01
  0.183300003409386      -1.05025732517242      0.644997274503112E-02  0.939116477966309E-01
  0.183534994721413      -1.04948806762695      0.647038454189897E-02  0.933975428342819E-01
  0.183770000934601      -1.04871881008148      0.649079727008939E-02  0.928834080696106E-01
  0.184005007147789      -1.04794943332672      0.651120999827981E-02  0.923692658543587E-01
  0.184239998459816      -1.04718017578125      0.653162132948637E-02  0.918551608920097E-01
  0.184475004673004      -1.04641091823578      0.655203405767679E-02  0.913410261273384E-01
  0.184709995985031      -1.04562294483185      0.657249381765723E-02  0.908313989639282E-01
  0.184945002198219      -1.04481482505798      0.659300666302443E-02  0.903265625238419E-01
  0.185179993510246      -1.04400682449341      0.661351857706904E-02  0.898217558860779E-01
  0.185414999723434      -1.04319870471954      0.663403188809752E-02  0.893169194459915E-01
  0.185650005936623      -1.04239046573639      0.665454519912601E-02  0.888120830059052E-01
  0.185884997248650      -1.04158246517181      0.667505711317062E-02  0.883072763681412E-01
  0.186120003461838      -1.04077434539795      0.669556995853782E-02  0.878024399280548E-01
  0.186354994773865      -1.03996622562408      0.671608187258244E-02  0.872976332902908E-01
  0.186590000987053      -1.03914797306061      0.673661287873983E-02  0.867949202656746E-01
  0.186825007200241      -1.03830146789551      0.675719324499369E-02  0.862981602549553E-01
  0.187059998512268      -1.03745496273041      0.677777174860239E-02  0.858014300465584E-01
  0.187295004725456      -1.03660833835602      0.679835211485624E-02  0.853046625852585E-01
  0.187529996037483      -1.03576195240021      0.681893108412623E-02  0.848079323768616E-01
  0.187765002250671      -1.03491532802582      0.683951145038009E-02  0.843111723661423E-01
  0.187999993562698      -1.03406882286072      0.686009041965008E-02  0.838144421577454E-01
  0.188234999775887      -1.03322231769562      0.688067078590393E-02  0.833176746964455E-01
  0.188470005989075      -1.03234207630157      0.690128561109304E-02  0.828271657228470E-01
  0.188704997301102      -1.03146100044251      0.692190043628216E-02  0.823368802666664E-01
  0.188940003514290      -1.03057968616486      0.694251665845513E-02  0.818465575575829E-01
  0.189174994826317      -1.02969861030579      0.696313148364425E-02  0.813562646508217E-01
  0.189410001039505      -1.02881741523743      0.698374770581722E-02  0.808659419417381E-01
  0.189645007252693      -1.02793228626251      0.700436579063535E-02  0.803762823343277E-01
  0.189879998564720      -1.02702391147614      0.702499412000179E-02  0.798905268311501E-01
  0.190115004777908      -1.02611565589905      0.704562431201339E-02  0.794047489762306E-01
  0.190349996089935      -1.02520740032196      0.706625310704112E-02  0.789189934730530E-01
  0.190585002303124      -1.02429544925690      0.708688329905272E-02  0.784337744116783E-01
  0.190819993615151      -1.02337086200714      0.710751442238688E-02  0.779505670070648E-01
  0.191054999828339      -1.02244114875794      0.712814601138234E-02  0.774680972099304E-01
  0.191290006041527      -1.02150630950928      0.714877760037780E-02  0.769863873720169E-01
  0.191524997353554      -1.02055823802948      0.716940360143781E-02  0.765065923333168E-01
  0.191760003566742      -1.01960623264313      0.719003053382039E-02  0.760273113846779E-01
  0.191994994878769      -1.01865434646606      0.721065606921911E-02  0.755480527877808E-01
  0.192230001091957      -1.01770234107971      0.723128253594041E-02  0.750687718391418E-01
  0.192465007305145      -1.01672410964966      0.725189270451665E-02  0.745929330587387E-01
  0.192699998617172      -1.01574134826660      0.727249868214130E-02  0.741177275776863E-01
  0.192935004830360      -1.01475858688354      0.729310605674982E-02  0.736424848437309E-01
  0.193169996142387      -1.01377594470978      0.731371203437447E-02  0.731672793626785E-01
  0.193405002355576      -1.01279306411743      0.733431940898299E-02  0.726920440793037E-01
  0.193639993667603      -1.01180922985077      0.735492445528507E-02  0.722169727087021E-01
  0.193874999880791      -1.01078248023987      0.737548246979713E-02  0.717468857765198E-01
  0.194110006093979      -1.00975561141968      0.739604094997048E-02  0.712768062949181E-01
  0.194344997406006      -1.00872886180878      0.741659803315997E-02  0.708067491650581E-01
  0.194580003619194      -1.00770199298859      0.743715604767203E-02  0.703366696834564E-01
  0.194814994931221      -1.00667524337769      0.745771313086152E-02  0.698666125535965E-01
  0.195050001144409      -1.00564837455749      0.747827161103487E-02  0.693965330719948E-01
  0.195285007357597      -1.00462150573730      0.749882962554693E-02  0.689264535903931E-01
  0.195519998669624      -1.00355327129364      0.751931592822075E-02  0.684605538845062E-01
  0.195755004882812      -1.00246989727020      0.753977755084634E-02  0.679961368441582E-01
  0.195989996194840      -1.00138664245605      0.756023824214935E-02  0.675317421555519E-01
  0.196225002408028      -1.00030326843262      0.758069986477494E-02  0.670673251152039E-01
  0.196459993720055     -0.999220013618469      0.760116009041667E-02  0.666029378771782E-01
  0.196694999933243     -0.998136699199677      0.762162217870355E-02  0.661385133862495E-01
  0.196930006146431     -0.997053325176239      0.764208380132914E-02  0.656740963459015E-01
  0.197164997458458     -0.995970070362091      0.766254449263215E-02  0.652097091078758E-01
  0.197400003671646     -0.994852006435394      0.768292415887117E-02  0.647481903433800E-01
  0.197634994983673     -0.993701517581940      0.770322559401393E-02  0.642894208431244E-01
  0.197870001196861     -0.992550909519196      0.772352842614055E-02  0.638306289911270E-01
  0.198105007410049     -0.991400301456451      0.774383125826716E-02  0.633718371391296E-01
  0.198339998722076     -0.990249812602997      0.776413269340992E-02  0.629130676388741E-01
  0.198575004935265     -0.989099264144897      0.778443552553654E-02  0.624542720615864E-01
  0.198809996247292     -0.987948715686798      0.780473696067929E-02  0.619955062866211E-01
  0.199045002460480     -0.986798167228699      0.782504025846720E-02  0.615367107093334E-01
  0.199279993772507     -0.985647618770599      0.784534122794867E-02  0.610779449343681E-01
  0.199514999985695     -0.984423577785492      0.786542054265738E-02  0.606241934001446E-01
  0.199750006198883     -0.983198165893555      0.788549613207579E-02  0.601705349981785E-01
  0.199984997510910     -0.981972813606262      0.790557079017162E-02  0.597169026732445E-01
  0.200220003724098     -0.980747342109680      0.792564544826746E-02  0.592632442712784E-01
  0.200454995036125     -0.979521989822388      0.794572010636330E-02  0.588096156716347E-01
  0.200690001249313     -0.978296577930450      0.796579569578171E-02  0.583559572696686E-01
  0.200924992561340     -0.977071225643158      0.798586942255497E-02  0.579023249447346E-01
  0.201159998774529     -0.975845813751221      0.800594501197338E-02  0.574486665427685E-01
  0.201395004987717     -0.974561274051666      0.802580267190933E-02  0.569983161985874E-01
  0.201629996299744     -0.973258495330811      0.804559234529734E-02  0.565490126609802E-01
  0.201865002512932     -0.971955657005310      0.806538295000792E-02  0.560996830463409E-01
  0.202099993824959     -0.970652937889099      0.808517262339592E-02  0.556503832340240E-01
  0.202335000038147     -0.969350099563599      0.810496322810650E-02  0.552010536193848E-01
  0.202570006251335     -0.968047261238098      0.812475476413965E-02  0.547517240047455E-01
  0.202804997563362     -0.966744482517242      0.814454350620508E-02  0.543024241924286E-01
  0.203040003776550     -0.965407371520996      0.816418789327145E-02  0.538546890020370E-01
  0.203274995088577     -0.964031994342804      0.818366743624210E-02  0.534087643027306E-01
  0.203510001301765     -0.962656497955322      0.820314884185791E-02  0.529628098011017E-01
  0.203744992613792     -0.961281120777130      0.822262838482857E-02  0.525168851017952E-01
  0.203979998826981     -0.959905683994293      0.824210885912180E-02  0.520709306001663E-01
  0.204215005040169     -0.958530187606812      0.826158933341503E-02  0.516249798238277E-01
  0.204449996352196     -0.957116663455963      0.828088819980621E-02  0.511805750429630E-01
  0.204685002565384     -0.955682277679443      0.830008927732706E-02  0.507369674742222E-01
  0.204919993877411     -0.954247951507568      0.831928942352533E-02  0.502933934330940E-01
  0.205155000090599     -0.952813565731049      0.833849050104618E-02  0.498497858643532E-01
  0.205390006303787     -0.951352894306183      0.835755933076143E-02  0.494071058928967E-01
  0.205624997615814     -0.949882209300995      0.837657600641251E-02  0.489648133516312E-01
  0.205860003829002     -0.948393106460571      0.839549675583839E-02  0.485231094062328E-01
  0.206094995141029     -0.946881532669067      0.841429457068443E-02  0.480821579694748E-01
  0.206330001354218     -0.945369124412537      0.843308959156275E-02  0.476412028074265E-01
  0.206564992666245     -0.943831264972687      0.845173932611942E-02  0.472010336816311E-01
  0.206799998879433     -0.942276954650879      0.847029965370893E-02  0.467613227665424E-01
  0.207035005092621     -0.940722703933716      0.848885904997587E-02  0.463216081261635E-01
  0.207269996404648     -0.939161598682404      0.850737653672695E-02  0.458821095526218E-01
  0.207505002617836     -0.937547504901886      0.852558109909296E-02  0.454440116882324E-01
  0.207739993929863     -0.935933530330658      0.854378379881382E-02  0.450059399008751E-01
  0.207975000143051     -0.934319436550140      0.856198742985725E-02  0.445678383111954E-01
  0.208210006356239     -0.932705342769623      0.858019199222326E-02  0.441297404468059E-01
  0.208444997668266     -0.931034564971924      0.859803427010775E-02  0.436930097639561E-01
  0.208680003881454     -0.929343879222870      0.861575081944466E-02  0.432567261159420E-01
  0.208914995193481     -0.927653253078461      0.863346736878157E-02  0.428204648196697E-01
  0.209150001406670     -0.925962507724762      0.865118484944105E-02  0.423841811716556E-01
  0.209384992718697     -0.924271941184998      0.866890046745539E-02  0.419479198753834E-01
  0.209619998931885     -0.922507584095001      0.868611503392458E-02  0.415131337940693E-01
  0.209855005145073     -0.920725941658020      0.870321039110422E-02  0.410787016153336E-01
  0.210089996457100     -0.918944418430328      0.872030481696129E-02  0.406442955136299E-01
  0.210325002670288     -0.917162835597992      0.873740017414093E-02  0.402098596096039E-01
  0.210559993982315     -0.915381312370300      0.875449459999800E-02  0.397754535079002E-01
  0.210795000195503     -0.913530290126801      0.877107866108418E-02  0.393422394990921E-01
  0.211030006408691     -0.911647975444794      0.878743082284927E-02  0.389095768332481E-01
  0.211264997720718     -0.909765720367432      0.880378205329180E-02  0.384769439697266E-01
  0.211500003933907     -0.907883405685425      0.882013421505690E-02  0.380442813038826E-01
  0.211734995245934     -0.906001150608063      0.883648544549942E-02  0.376116447150707E-01
  0.211970001459122     -0.904040455818176      0.885221734642982E-02  0.371801666915417E-01
  0.212204992771149     -0.902054727077484      0.886774901300669E-02  0.367490909993649E-01
  0.212439998984337     -0.900068879127502      0.888328161090612E-02  0.363179855048657E-01
  0.212675005197525     -0.898083031177521      0.889881327748299E-02  0.358868837356567E-01
  0.212909996509552     -0.896060526371002      0.891403388231993E-02  0.354563035070896E-01
  0.213145002722740     -0.893978297710419      0.892875157296658E-02  0.350264944136143E-01
  0.213379994034767     -0.891896247863770      0.894346833229065E-02  0.345967151224613E-01
  0.213615000247955     -0.889814019203186      0.895818509161472E-02  0.341669097542763E-01
  0.213850006461143     -0.887662827968597      0.897229090332985E-02  0.337379239499569E-01
  0.214084997773170     -0.885502934455872      0.898631755262613E-02  0.333090685307980E-01
  0.214320003986359     -0.883317649364471      0.900011230260134E-02  0.328804887831211E-01
  0.214554995298386     -0.881095170974731      0.901355966925621E-02  0.324523486196995E-01
  0.214790001511574     -0.878833532333374      0.902663636952639E-02  0.320245847105980E-01
  0.215024992823601     -0.876544475555420      0.903944857418537E-02  0.315971337258816E-01
  0.215259999036789     -0.874244987964630      0.905215833336115E-02  0.311697591096163E-01
  0.215495005249977     -0.871861517429352      0.906403083354235E-02  0.307432152330875E-01
  0.215729996562004     -0.869478225708008      0.907590333372355E-02  0.303166974335909E-01
  0.215965002775192     -0.867094755172729      0.908777583390474E-02  0.298901516944170E-01
  0.216199994087219     -0.864625692367554      0.909874774515629E-02  0.294644106179476E-01
  0.216435000300407     -0.862102806568146      0.910915434360504E-02  0.290391277521849E-01
  0.216670006513596     -0.859579920768738      0.911956187337637E-02  0.286138448864222E-01
  0.216904997825623     -0.857057154178619      0.912996847182512E-02  0.281885880976915E-01
  0.217140004038811     -0.854489445686340      0.913987122476101E-02  0.277636740356684E-01
  0.217374995350838     -0.851779818534851      0.914817489683628E-02  0.273399576544762E-01
  0.217610001564026     -0.849070012569427      0.915647950023413E-02  0.269162133336067E-01
  0.217844992876053     -0.846360385417938      0.916478317230940E-02  0.264924950897694E-01
  0.218079999089241     -0.843650579452515      0.917308777570724E-02  0.260687507688999E-01
  0.218315005302429     -0.840868234634399      0.918050948530436E-02  0.256455503404141E-01
  0.218549996614456     -0.837923884391785      0.918595679104328E-02  0.252235960215330E-01
  0.218785002827644     -0.834979414939880      0.919140502810478E-02  0.248016137629747E-01
  0.219019994139671     -0.832035064697266      0.919685326516628E-02  0.243796575814486E-01
  0.219255000352859     -0.829090595245361      0.920230057090521E-02  0.239576753228903E-01
  0.219490006566048     -0.826093614101410      0.920705497264862E-02  0.235360618680716E-01
  0.219724997878075     -0.822871565818787      0.920882448554039E-02  0.231160521507263E-01
  0.219960004091263     -0.819649279117584      0.921059399843216E-02  0.226960182189941E-01
  0.220194995403290     -0.816427171230316      0.921236444264650E-02  0.222760085016489E-01
  0.220430001616478     -0.813204944133759      0.921413395553827E-02  0.218559727072716E-01
  0.220664992928505     -0.809903681278229      0.921476446092129E-02  0.214364994317293E-01
  0.220899999141693     -0.806374728679657      0.921211950480938E-02  0.210185311734676E-01
  0.221135005354881     -0.802845716476440      0.920947454869747E-02  0.206005629152060E-01
  0.221369996666908     -0.799317002296448      0.920682959258556E-02  0.201826207339764E-01
  0.221605002880096     -0.795787990093231      0.920418463647366E-02  0.197646543383598E-01
  0.221839994192123     -0.791988074779510      0.919732265174389E-02  0.193485952913761E-01
  0.222075000405312     -0.788152039051056      0.918990373611450E-02  0.189327578991652E-01
  0.222310006618500     -0.784316003322601      0.918248482048512E-02  0.185169205069542E-01
  0.222544997930527     -0.780377864837646      0.917336903512478E-02  0.181018412113190E-01
  0.222780004143715     -0.776278197765350      0.916157942265272E-02  0.176878869533539E-01
  0.223014995455742     -0.772173225879669      0.914969481527805E-02  0.172739997506142E-01
  0.223250001668930     -0.767904281616211      0.913497433066368E-02  0.168612524867058E-01
  0.223484992980957     -0.763504624366760      0.911790784448385E-02  0.164494868367910E-01
  0.223719999194145     -0.759017527103424      0.909925252199173E-02  0.160383377224207E-01
  0.223955005407333     -0.754355370998383      0.907730497419834E-02  0.156284701079130E-01
  0.224189996719360     -0.749632298946381      0.905420910567045E-02  0.152190746739507E-01
  0.224425002932548     -0.744761884212494      0.902820657938719E-02  0.148107390850782E-01
  0.224659994244576     -0.739681005477905      0.899804104119539E-02  0.144039867445826E-01
  0.224895000457764     -0.734599828720093      0.896787364035845E-02  0.139972092583776E-01
  0.225130006670952     -0.729273736476898      0.893255230039358E-02  0.135922459885478E-01
  0.225364997982979     -0.723697304725647      0.889195781201124E-02  0.131891649216413E-01
  0.225600004196167     -0.718120515346527      0.885136052966118E-02  0.127860577777028E-01
  0.225834995508194     -0.712409913539886      0.880773179233074E-02  0.123839704319835E-01
  0.226070001721382     -0.706184625625610      0.875246897339821E-02  0.119856614619494E-01
  0.226304993033409     -0.699959814548492      0.869720987975597E-02  0.115873795002699E-01
  0.226539999246597     -0.693734526634216      0.864194706082344E-02  0.111890705302358E-01
  0.226775005459785     -0.686870157718658      0.857113208621740E-02  0.107954125851393E-01
  0.227009996771812     -0.679839491844177      0.849626585841179E-02  0.104029923677444E-01
  0.227245002985001     -0.672808349132538      0.842139404267073E-02  0.100105470046401E-01
  0.227479994297028     -0.665302932262421      0.833418685942888E-02  0.962148513644934E-02
  0.227715000510216     -0.657333195209503      0.823491811752319E-02  0.923567917197943E-02
  0.227950006723404     -0.649363398551941      0.813564844429493E-02  0.884987320750952E-02
  0.228184998035431     -0.640810191631317      0.802037771791220E-02  0.846814457327127E-02
  0.228420004248619     -0.631848990917206      0.789392925798893E-02  0.808922015130520E-02
  0.228654995560646     -0.622657299041748      0.776090612635016E-02  0.771192274987698E-02
  0.228890001773834     -0.612803757190704      0.760903581976891E-02  0.733919022604823E-02
  0.229124993085861     -0.602543771266937      0.744528602808714E-02  0.696935644373298E-02
  0.229359999299049     -0.591484904289246      0.725783174857497E-02  0.660529080778360E-02
  0.229595005512237     -0.579930543899536      0.705541949719191E-02  0.624465709552169E-02
  0.229829996824264     -0.567333161830902      0.682114716619253E-02  0.589121552184224E-02
  0.230065003037453     -0.554370164871216      0.657572038471699E-02  0.554025731980801E-02
  0.230299994349480     -0.540411710739136      0.629935506731272E-02  0.519432593137026E-02
  0.230535000562668     -0.525024294853210      0.597860477864742E-02  0.485554523766041E-02
  0.230770006775856     -0.509636878967285      0.565785402432084E-02  0.451676500961185E-02
  0.231004998087883     -0.492387652397156      0.528332125395536E-02  0.418078573420644E-02
  0.231240004301071     -0.473230481147766      0.485368771478534E-02  0.384763092733920E-02
  0.231474995613098     -0.454074531793594      0.442408118396998E-02  0.351449754089117E-02
  0.231710001826286     -0.433746069669724      0.397396879270673E-02  0.318454299122095E-02
  0.231944993138313     -0.408929377794266      0.344538944773376E-02  0.286687677726150E-02
  0.232179999351501     -0.384111106395721      0.291677680797875E-02  0.254919030703604E-02
  0.232415005564690     -0.359292834997177      0.238816393539310E-02  0.223150383681059E-02
  0.232649996876717     -0.330017000436783      0.193229876458645E-02  0.200393120758235E-02
  0.232885003089905     -0.299575895071030      0.149537681136280E-02  0.179985037539154E-02
  0.233119994401932     -0.269136697053909      0.105848244857043E-02  0.159578269813210E-02
  0.233355000615120     -0.237262934446335      0.732415297534317E-03  0.135220645461231E-02
  0.233590006828308     -0.203989744186401      0.514632498379797E-03  0.107005040626973E-02
  0.233824998140335     -0.170718669891357      0.296863494440913E-03  0.787912344094366E-03
  0.234060004353523     -0.136937379837036      0.159938921569847E-03  0.518760236445814E-03
  0.234294995665550     -0.102803774178028      0.794287407188676E-04  0.258696527453139E-03
  0.234530001878738     -0.686302259564400E-01  0.165229612321127E-04  0.565734844713006E-04
  0.234764993190765     -0.343507714569569E-01  0.399366035708226E-05  0.202513365366030E-04
  0.234999999403954      -0.00000000000000       0.00000000000000       0.00000000000000    
